(No ND)Time (s)	Raw Amp	Log Amp	Prog Amp (1024) 	High Voltage0.031	0.001	0.763	4.054	0.750
0.064	0.017	-0.128	4.132	0.750
0.124	0.015	0.736	3.839	0.750
0.156	0.018	0.807	4.076	0.750
0.189	0.006	-0.115	3.920	0.751
0.224	-0.000	0.364	4.021	0.750
0.257	-0.001	0.209	3.702	0.751
0.289	0.016	-0.133	3.904	0.750
0.320	0.001	-0.119	3.574	0.750
0.353	0.002	0.190	3.708	0.751
0.384	0.001	-0.149	3.659	0.751
0.415	0.002	0.174	3.849	0.750
0.446	0.000	0.894	3.897	0.750
0.478	-0.000	0.035	3.639	0.751
0.509	0.015	0.309	3.596	0.750
0.539	0.000	-0.103	3.439	0.750
0.571	0.007	0.243	3.636	0.750
0.603	0.001	0.369	3.359	0.750
0.634	0.006	0.623	3.377	0.750
0.666	0.010	0.333	3.082	0.750
0.696	0.019	0.689	3.437	0.750
0.730	0.001	0.260	2.967	0.750
0.762	0.017	0.911	3.187	0.750
0.795	0.001	-0.164	3.238	0.750
0.828	0.000	0.189	3.143	0.750
0.862	0.002	0.419	3.179	0.750
0.895	0.017	-0.102	3.209	0.750
0.927	0.000	0.399	3.237	0.750
0.958	0.001	-0.041	3.093	0.750
0.989	0.013	0.168	2.834	0.750
1.020	-0.001	0.699	2.865	0.750
1.051	0.000	-0.148	2.925	0.751
1.082	0.001	-0.135	2.993	0.750
1.114	0.002	0.107	2.952	0.750
1.145	0.001	0.180	2.969	0.750
1.176	-0.001	0.100	2.895	0.750
1.207	0.009	0.318	2.846	0.750
1.240	-0.000	-0.036	2.686	0.750
1.272	-0.000	-0.073	2.858	0.751
1.305	0.004	-0.129	2.924	0.750
1.336	-0.000	0.721	2.807	0.751
1.368	0.001	0.252	2.793	0.750
1.398	0.001	0.366	2.611	0.751
1.426	0.001	0.546	2.836	0.750
1.456	0.002	0.081	2.834	0.750
1.492	0.002	0.094	2.772	0.750
1.523	0.001	0.143	2.697	0.750
1.553	0.004	-0.158	2.720	0.750
1.583	-0.001	0.487	2.583	0.750
1.616	0.013	0.125	2.674	0.750
1.648	-0.001	0.034	2.831	0.750
1.678	0.002	0.510	2.659	0.750
1.708	0.001	-0.146	2.488	0.751
1.738	0.001	0.429	2.485	0.751
1.770	0.001	0.145	2.495	0.750
1.801	0.000	-0.122	2.586	0.751
1.833	0.011	0.304	2.600	0.750
1.864	0.004	0.110	2.711	0.751
1.895	0.001	-0.143	2.437	0.750
1.926	0.001	-0.104	2.351	0.750
1.956	0.002	-0.123	2.568	0.750
1.985	0.001	-0.047	2.365	0.750
2.017	0.002	0.286	2.559	0.750
2.050	0.000	-0.081	2.359	0.750
2.081	0.018	-0.140	2.341	0.750
2.113	0.000	-0.012	2.402	0.750
2.144	0.000	-0.148	2.352	0.750
2.175	0.004	-0.036	2.507	0.750
2.208	0.004	-0.176	2.427	0.750
2.241	0.001	0.380	2.652	0.750
2.273	0.002	0.203	2.584	0.750
2.305	0.002	0.652	2.420	0.750
2.337	0.002	-0.175	2.229	0.750
2.371	0.000	0.091	2.356	0.750
2.404	0.005	0.488	2.395	0.750
2.436	0.001	-0.094	2.192	0.751
2.469	0.002	-0.038	2.330	0.750
2.501	-0.000	0.008	2.431	0.750
2.532	0.001	-0.167	2.303	0.751
2.563	0.002	0.465	2.405	0.750
2.596	0.001	-0.138	2.227	0.750
2.636	0.000	0.199	2.307	0.750
2.669	0.009	0.623	2.329	0.751
2.701	0.002	0.366	2.286	0.750
2.732	0.000	-0.011	2.118	0.750
2.764	-0.000	-0.160	2.201	0.751
2.796	0.006	0.371	2.196	0.750
2.827	0.001	-0.048	2.107	0.750
2.857	-0.000	-0.166	2.002	0.750
2.887	-0.000	0.310	2.176	0.750
2.918	0.001	0.074	2.147	0.750
2.948	0.012	-0.174	2.074	0.750
2.977	0.001	-0.136	2.116	0.750
3.009	0.001	0.461	2.122	0.750
3.041	0.001	-0.122	2.186	0.750
3.074	0.002	-0.183	1.843	0.751
3.107	-0.000	0.212	1.993	0.750
3.140	0.006	0.113	2.014	0.751
3.171	0.003	-0.186	2.025	0.751
3.202	0.001	0.428	1.999	0.750
3.234	0.001	0.175	1.854	0.751
3.265	0.000	-0.157	1.936	0.750
3.299	-0.000	0.032	2.078	0.750
3.330	0.000	-0.150	1.913	0.751
3.362	0.012	-0.113	1.953	0.750
3.396	0.001	0.084	2.024	0.750
3.425	0.001	-0.163	1.922	0.750
3.454	0.001	-0.038	1.718	0.750
3.496	-0.000	0.755	1.916	0.751
3.525	0.001	-0.151	1.988	0.750
3.553	0.004	-0.072	1.869	0.750
3.582	0.022	0.223	1.824	0.750
3.613	0.001	0.173	1.956	0.750
3.645	0.001	-0.154	1.803	0.750
3.676	-0.000	0.553	1.844	0.750
3.708	0.001	-0.183	1.829	0.751
3.742	0.001	0.325	1.880	0.750
3.775	0.001	0.247	1.773	0.750
3.806	-0.000	-0.167	1.862	0.750
3.837	0.001	0.130	1.888	0.750
3.868	0.001	0.200	1.983	0.751
3.900	0.001	0.094	1.878	0.750
3.932	0.009	0.151	1.874	0.750
3.960	0.002	-0.127	1.982	0.750
3.990	0.001	-0.052	1.861	0.750
4.022	0.001	0.229	1.856	0.750
4.054	-0.000	-0.187	1.892	0.750
4.088	0.001	-0.110	1.889	0.750
4.120	0.000	-0.154	1.883	0.751
4.153	0.001	-0.112	1.775	0.751
4.185	0.002	0.143	1.826	0.750
4.216	0.020	-0.174	1.751	0.750
4.248	-0.001	0.332	1.693	0.750
4.279	0.002	0.332	1.853	0.750
4.310	0.007	-0.109	1.877	0.750
4.342	0.001	-0.142	1.802	0.750
4.375	0.000	0.145	1.839	0.750
4.407	-0.001	0.080	1.833	0.750
4.439	-0.000	0.239	1.774	0.750
4.473	-0.000	-0.164	1.810	0.751
4.505	0.001	-0.155	1.959	0.750
4.538	0.002	0.124	1.833	0.750
4.570	0.000	-0.133	1.982	0.750
4.602	0.014	0.084	1.685	0.750
4.633	0.002	-0.167	1.821	0.750
4.664	-0.000	0.728	1.841	0.750
4.699	0.002	0.004	1.790	0.750
4.731	-0.001	0.249	1.727	0.750
4.763	-0.000	-0.103	1.848	0.750
4.795	-0.000	0.007	1.833	0.750
4.826	-0.000	-0.100	1.771	0.750
4.858	-0.000	-0.126	1.723	0.751
4.890	0.001	0.133	1.687	0.750
4.922	0.001	-0.163	1.879	0.750
4.954	0.001	0.014	1.727	0.751
4.986	-0.000	-0.161	1.678	0.750
5.016	0.001	-0.139	1.763	0.750
5.048	-0.000	-0.182	1.728	0.750
5.079	0.002	-0.193	1.755	0.750
5.112	0.002	0.495	1.725	0.751
5.144	0.008	-0.073	1.766	0.750
5.175	-0.000	-0.093	1.851	0.751
5.207	0.001	-0.162	1.696	0.750
5.239	-0.000	-0.188	1.706	0.751
5.270	0.000	0.149	1.686	0.750
5.302	0.012	-0.149	1.690	0.750
5.333	0.001	-0.130	1.697	0.750
5.365	0.000	0.186	1.566	0.750
5.397	0.000	0.224	1.597	0.751
5.428	0.001	-0.157	1.584	0.750
5.460	-0.000	-0.164	1.693	0.750
5.493	-0.001	-0.170	1.781	0.750
5.526	-0.001	0.010	1.688	0.751
5.555	0.001	0.410	1.686	0.750
5.586	-0.000	-0.178	1.735	0.751
5.618	0.001	-0.150	1.672	0.750
5.649	0.000	-0.168	1.663	0.751
5.681	0.011	-0.063	1.597	0.751
5.712	0.001	-0.139	1.757	0.750
5.743	0.000	-0.164	1.612	0.750
5.774	0.001	-0.162	1.657	0.750
5.807	0.001	-0.192	1.635	0.750
5.838	0.002	-0.120	1.659	0.750
5.871	0.001	-0.166	1.681	0.750
5.904	-0.000	-0.154	1.634	0.750
5.935	-0.000	-0.162	1.582	0.750
5.966	0.000	-0.185	1.650	0.750
5.998	0.002	-0.170	1.574	0.750
6.029	-0.000	0.159	1.602	0.751
6.062	0.001	-0.148	1.525	0.751
6.095	0.001	-0.173	1.564	0.751
6.138	0.004	-0.049	1.618	0.750
6.170	-0.000	0.105	1.464	0.750
6.204	0.005	-0.145	1.564	0.750
6.235	-0.000	-0.143	1.503	0.750
6.266	0.001	-0.165	1.552	0.750
6.299	0.004	-0.100	1.604	0.750
6.330	0.001	0.216	1.532	0.750
6.363	0.001	-0.188	1.448	0.750
6.396	0.002	-0.171	1.494	0.750
6.428	0.003	-0.131	1.591	0.750
6.460	0.001	0.027	1.504	0.750
6.494	0.001	0.185	1.470	0.750
6.526	-0.000	-0.102	1.480	0.750
6.558	0.001	0.245	1.505	0.750
6.590	0.001	-0.161	1.425	0.750
6.624	0.000	-0.160	1.477	0.750
6.656	-0.000	0.146	1.413	0.750
6.687	0.000	-0.179	1.482	0.751
6.718	0.023	-0.150	1.492	0.750
6.750	-0.000	-0.020	1.450	0.750
6.782	0.001	0.057	1.307	0.750
6.814	0.000	-0.151	1.334	0.750
6.845	0.000	-0.144	1.456	0.751
6.877	0.001	0.075	1.442	0.750
6.909	-0.000	-0.160	1.303	0.750
6.940	0.002	0.152	1.488	0.750
6.971	0.001	0.168	1.479	0.750
7.003	0.000	-0.142	1.518	0.750
7.033	0.001	0.322	1.562	0.750
7.066	0.001	-0.048	1.529	0.751
7.097	-0.000	0.001	1.342	0.750
7.130	-0.000	-0.142	1.405	0.750
7.162	0.001	-0.164	1.469	0.750
7.192	0.002	0.347	1.580	0.750
7.224	-0.000	-0.135	1.385	0.751
7.258	0.003	0.290	1.499	0.750
7.291	0.001	0.017	1.479	0.750
7.324	0.001	-0.157	1.400	0.750
7.354	0.001	-0.195	1.444	0.750
7.385	0.001	0.064	1.410	0.751
7.413	0.001	-0.172	1.370	0.750
7.443	0.000	-0.146	1.334	0.750
7.475	-0.001	-0.165	1.426	0.750
7.508	0.011	-0.138	1.317	0.750
7.538	-0.001	-0.184	1.326	0.751
7.569	0.002	-0.168	1.199	0.750
7.600	-0.001	-0.181	1.313	0.750
7.631	0.000	0.111	1.329	0.750
7.662	-0.000	-0.152	1.244	0.750
7.693	0.001	-0.188	1.264	0.750
7.725	-0.001	-0.148	1.239	0.750
7.758	-0.000	0.287	1.348	0.751
7.791	0.001	-0.164	1.380	0.751
7.824	0.001	-0.015	1.297	0.751
7.855	0.001	-0.026	1.337	0.750
7.885	0.002	-0.158	1.357	0.750
7.918	0.002	0.236	1.298	0.750
7.947	-0.000	-0.128	1.281	0.751
7.975	0.001	0.000	1.282	0.750
8.007	-0.000	-0.164	1.358	0.750
8.037	0.001	0.259	1.405	0.750
8.066	0.001	-0.091	1.307	0.751
8.098	0.001	-0.096	1.281	0.751
8.129	0.002	-0.189	1.264	0.750
8.159	0.001	-0.186	1.241	0.750
8.190	0.001	-0.120	1.244	0.750
8.221	0.001	-0.183	1.199	0.750
8.251	0.001	-0.047	1.192	0.750
8.283	0.006	-0.182	1.186	0.750
8.314	0.001	-0.094	1.206	0.751
8.347	-0.000	0.261	1.182	0.751
8.379	0.017	0.013	1.266	0.750
8.410	-0.001	-0.159	1.225	0.750
8.442	0.005	0.360	1.235	0.750
8.473	-0.000	-0.179	1.287	0.750
8.504	0.001	-0.164	1.212	0.750
8.536	0.001	-0.197	1.166	0.750
8.568	0.001	-0.156	1.193	0.751
8.605	-0.000	-0.071	1.174	0.750
8.635	0.001	-0.181	1.232	0.751
8.666	-0.000	-0.185	1.112	0.750
8.697	-0.001	-0.172	1.123	0.750
8.728	0.001	-0.166	1.345	0.751
8.759	0.000	-0.177	1.155	0.750
8.790	-0.000	-0.138	1.179	0.750
8.821	0.000	-0.099	1.226	0.750
8.852	-0.000	-0.152	1.128	0.750
8.884	-0.000	-0.159	1.111	0.750
8.917	-0.001	-0.152	1.101	0.750
8.950	0.002	-0.193	1.070	0.751
8.982	-0.001	0.150	1.159	0.750
9.014	0.001	-0.193	1.189	0.750
9.044	-0.001	0.036	1.154	0.750
9.075	-0.000	-0.149	1.207	0.750
9.105	0.000	-0.177	1.156	0.750
9.136	0.001	-0.148	1.126	0.750
9.169	0.000	-0.186	1.184	0.750
9.202	-0.000	-0.105	1.188	0.750
9.235	0.004	-0.191	1.169	0.750
9.268	0.004	-0.160	1.166	0.750
9.301	-0.000	0.004	1.154	0.750
9.332	0.000	-0.195	1.117	0.750
9.364	0.001	-0.187	1.167	0.750
9.396	-0.000	-0.180	1.179	0.751
9.428	0.002	-0.162	1.140	0.750
9.459	-0.000	0.123	1.191	0.750
9.490	0.001	-0.198	1.046	0.750
9.520	0.001	-0.157	1.132	0.750
9.549	0.011	-0.187	1.111	0.751
9.580	-0.000	-0.180	1.143	0.750
9.611	0.001	-0.141	1.139	0.751
9.644	0.000	-0.142	1.149	0.750
9.678	0.019	-0.169	1.128	0.750
9.709	0.002	-0.189	1.094	0.751
9.740	0.002	-0.179	1.114	0.750
9.770	-0.000	0.275	1.226	0.751
9.800	-0.000	-0.191	1.087	0.750
9.831	0.001	-0.151	1.159	0.751
9.862	0.000	-0.121	1.108	0.750
9.893	0.004	0.671	1.244	0.750
9.924	0.001	-0.162	1.153	0.751
9.954	0.002	-0.157	1.183	0.750
9.982	0.000	-0.190	1.208	0.750
10.012	-0.000	-0.175	1.146	0.751
10.044	0.000	-0.044	1.166	0.750
10.075	0.001	0.189	1.229	0.750
10.106	-0.000	-0.192	1.154	0.751
10.137	-0.000	0.245	1.151	0.750
10.167	0.000	-0.177	1.203	0.750
10.199	-0.001	-0.129	1.053	0.750
10.231	-0.000	-0.196	1.096	0.751
10.261	0.008	0.134	1.157	0.751
10.293	0.002	-0.156	1.120	0.751
10.324	0.001	-0.178	1.092	0.750
10.355	-0.001	-0.147	1.126	0.751
10.387	0.001	-0.139	1.162	0.750
10.418	0.014	0.226	1.239	0.750
10.448	-0.000	-0.171	1.177	0.750
10.480	-0.001	-0.169	1.131	0.750
10.511	-0.001	-0.140	1.080	0.751
10.542	0.001	-0.153	1.141	0.750
10.574	0.001	0.025	1.098	0.750
10.604	-0.000	-0.154	1.077	0.750
10.636	0.001	-0.056	1.056	0.750
10.667	-0.001	-0.201	1.026	0.750
10.700	-0.000	-0.156	1.140	0.750
10.732	0.000	-0.180	1.050	0.750
10.763	0.001	-0.161	1.044	0.751
10.796	-0.000	-0.136	1.030	0.751
10.829	0.001	-0.017	0.996	0.750
10.862	0.011	-0.126	1.013	0.750
10.895	-0.001	-0.159	1.061	0.751
10.927	0.001	-0.179	1.086	0.750
10.960	0.001	-0.134	1.168	0.750
10.993	-0.001	-0.186	1.173	0.750
11.024	0.002	-0.172	1.007	0.750
11.055	0.001	-0.166	0.955	0.750
11.087	0.001	-0.106	1.064	0.750
11.118	-0.000	-0.181	1.053	0.750
11.152	0.001	-0.014	1.059	0.750
11.185	0.002	-0.183	1.172	0.750
11.216	0.000	-0.172	0.978	0.751
11.247	0.001	-0.144	1.137	0.751
11.280	-0.000	-0.155	1.047	0.750
11.311	0.001	-0.143	1.044	0.750
11.341	-0.001	-0.185	1.024	0.750
11.371	0.001	-0.186	0.986	0.750
11.403	-0.000	-0.174	1.051	0.750
11.435	0.001	-0.076	1.087	0.750
11.467	-0.001	-0.117	1.055	0.751
11.498	0.001	-0.146	1.207	0.750
11.526	0.008	-0.140	0.982	0.751
11.555	0.001	-0.152	1.028	0.750
11.586	-0.000	-0.064	1.020	0.750
11.617	0.001	-0.172	1.014	0.750
11.646	0.007	0.127	1.070	0.750
11.676	0.001	-0.162	1.036	0.750
11.706	0.003	-0.149	1.015	0.750
11.737	-0.001	-0.107	0.987	0.750
11.769	0.001	-0.172	1.065	0.750
11.801	-0.000	-0.185	0.925	0.750
11.834	-0.000	-0.165	0.949	0.750
11.865	0.001	-0.175	1.027	0.750
11.897	0.012	-0.180	1.060	0.750
11.929	-0.000	-0.049	1.055	0.750
11.959	0.001	-0.149	1.065	0.750
11.992	-0.000	-0.062	1.037	0.750
12.023	0.001	-0.144	1.065	0.750
12.056	0.000	-0.044	1.298	0.750
12.088	0.001	-0.137	1.593	0.751
12.119	0.001	-0.074	1.847	0.750
12.153	0.001	0.102	1.948	0.750
12.185	0.002	0.404	2.744	0.751
12.221	0.004	0.292	3.187	0.750
12.252	0.001	0.942	3.865	0.750
12.282	0.002	0.349	4.201	0.750
12.313	0.002	0.276	4.518	0.750
12.344	0.006	0.465	4.826	0.750
12.375	0.003	0.526	5.432	0.750
12.408	0.007	1.049	5.448	0.750
12.441	0.003	1.058	5.448	0.750
12.473	0.002	0.565	5.304	0.750
12.505	0.002	0.793	5.068	0.751
12.536	0.001	0.541	5.087	0.750
12.569	0.003	0.628	4.986	0.750
12.599	0.001	0.740	4.772	0.750
12.631	0.024	0.863	5.102	0.750
12.662	0.007	1.407	5.040	0.750
12.697	0.011	0.597	4.828	0.750
12.746	0.013	0.462	4.835	0.750
12.777	0.006	0.231	4.276	0.751
12.810	-0.000	-0.119	4.139	0.750
12.842	0.023	0.626	4.434	0.750
12.873	-0.000	0.595	3.993	0.750
12.904	0.000	-0.112	3.900	0.751
12.935	0.001	0.100	3.703	0.750
12.968	-0.000	0.084	3.613	0.750
13.002	0.002	0.308	3.634	0.750
13.034	0.005	0.133	3.425	0.751
13.065	0.004	0.288	2.885	0.750
13.097	0.000	-0.157	3.159	0.750
13.127	0.000	0.410	3.078	0.751
13.160	0.009	0.450	2.926	0.750
13.189	0.000	0.381	2.595	0.750
13.219	0.002	0.134	2.594	0.750
13.252	0.001	-0.185	2.507	0.750
13.283	0.001	0.560	2.268	0.750
13.317	0.006	-0.135	2.384	0.751
13.347	-0.000	-0.153	2.116	0.750
13.378	0.001	-0.183	2.065	0.750
13.411	0.002	0.078	2.067	0.750
13.442	-0.000	-0.172	1.810	0.750
13.480	-0.000	-0.170	1.874	0.750
13.511	0.001	-0.191	1.717	0.751
13.540	-0.001	0.100	1.803	0.751
13.568	0.001	0.225	1.702	0.750
13.596	0.001	-0.100	1.588	0.751
13.624	-0.000	-0.162	1.525	0.750
13.651	0.003	-0.194	1.566	0.750
13.679	0.001	-0.179	1.535	0.750
13.708	0.002	0.121	1.436	0.750
13.739	-0.000	-0.191	1.457	0.750
13.771	0.001	-0.061	1.334	0.750
13.804	0.000	0.148	1.384	0.750
13.835	0.001	-0.073	1.313	0.750
13.867	-0.001	-0.097	1.265	0.750
13.898	0.001	-0.151	1.361	0.750
13.931	-0.000	0.175	1.232	0.750
13.962	0.001	-0.165	1.173	0.750
13.995	0.001	0.269	1.222	0.750
14.027	0.008	-0.033	1.315	0.750
14.059	0.013	-0.078	1.241	0.750
14.093	0.000	0.458	1.142	0.750
14.124	-0.000	-0.181	1.103	0.750
14.160	-0.000	-0.117	1.082	0.750
14.193	-0.000	0.071	1.182	0.750
14.226	0.002	-0.197	1.126	0.750
14.260	0.001	-0.085	1.067	0.750
14.292	0.001	-0.126	1.058	0.750
14.325	-0.001	-0.149	1.083	0.750
14.358	0.000	-0.178	1.035	0.750
14.391	0.001	-0.145	1.080	0.750
14.425	0.001	-0.072	1.120	0.751
14.457	0.001	0.004	1.012	0.751
14.490	-0.000	-0.182	1.110	0.750
14.523	0.001	-0.178	1.002	0.750
14.554	0.001	-0.155	1.063	0.750
14.586	0.020	-0.124	1.150	0.750
14.620	0.000	-0.163	1.037	0.750
14.653	-0.000	-0.196	0.982	0.751
14.687	0.001	-0.172	1.064	0.750
14.721	0.001	0.087	1.014	0.750
14.756	0.000	-0.163	0.994	0.750
14.787	0.002	-0.147	0.899	0.750
14.821	-0.000	-0.132	0.993	0.750
14.854	0.001	-0.186	1.037	0.750
14.886	0.001	-0.167	0.982	0.751
14.921	0.001	-0.175	0.864	0.750
14.954	0.004	-0.187	0.952	0.750
14.986	0.001	-0.187	1.017	0.750
15.018	0.002	-0.196	1.034	0.750
15.051	-0.000	-0.107	1.006	0.750
15.084	-0.000	-0.185	0.921	0.750
15.115	0.002	-0.185	0.930	0.750
15.147	0.001	-0.144	0.997	0.750
15.180	-0.000	-0.173	0.957	0.750
15.214	0.000	-0.109	0.985	0.750
15.249	0.001	-0.180	0.960	0.750
15.282	0.001	-0.154	1.031	0.750
15.316	0.002	-0.090	1.016	0.750
15.347	0.001	0.103	1.068	0.750
15.380	0.001	-0.144	0.991	0.750
15.424	0.001	-0.189	0.950	0.750
15.456	0.000	-0.159	0.969	0.751
15.491	-0.001	-0.191	0.963	0.750
15.539	0.000	-0.190	0.912	0.751
15.573	0.002	-0.191	0.922	0.751
15.604	-0.000	-0.186	0.978	0.750
15.637	-0.000	-0.177	1.028	0.750
15.670	-0.001	-0.117	0.963	0.750
15.703	0.002	-0.147	1.089	0.750
15.736	0.001	-0.101	1.012	0.751
15.774	0.000	-0.175	0.935	0.750
15.808	-0.000	-0.177	0.951	0.750
15.840	-0.000	-0.158	0.976	0.750
15.873	-0.001	0.126	0.939	0.751
15.909	0.001	-0.134	0.972	0.750
15.941	-0.000	-0.163	0.990	0.750
15.970	-0.001	-0.178	0.979	0.750
15.998	-0.000	-0.185	1.018	0.750
